
testPenData:
			max					average					std
[5]:	0.8533447684391081	0.8477415666094912	0.007078228869495241
[10]:	0.8970840480274442	0.8875929102344197	0.006977757388509584
[15]:	0.9036592338479131	0.8977129788450544	0.006135123409370476
[20]:	0.9079473985134362	0.9062321326472272	0.001780721726975106
[25]:	0.9036592338479131	0.8967409948542023	0.007291617411974772
[30]:	0.9068038879359634	0.9029159519725558	0.005083801624007306
[35]:	0.9088050314465409	0.9004002287021156	0.006022730283482529
[40]:	0.9062321326472271	0.8983419096626644	0.008638236636826458

testCarData:
			max					average					std
[5]:	0.8586387434554974	0.8454188481675391	0.007912084429166195
[10]:	0.8723821989528796	0.8534031413612567	0.020235111038927108
[15]:	0.8691099476439791	0.8404450261780105	0.021977839076843992
[20]:	0.8547120418848168	0.8438481675392671	0.006604437597666418
[25]:	0.8370418848167539	0.8345549738219896	0.001676210533359378
[30]:	0.8566753926701574	0.8421465968586388	0.007591623036649197
[35]:	0.8462041884816754	0.8280104712041885	0.011178654174238852
[40]:	0.8592931937172775	0.8429319371727748	0.012797807917885167

